# T [K] Lambda [erg s^-1 cm^3] Gamma [erg s^-1]
1.000000000000000000e+01 8.946410010334061651e-32 9.999999999999999310e-23
2.127050386478125787e+01 1.708518761856411605e-29 9.999999999999999310e-23
4.524343346616743844e+01 2.465029883317881587e-28 9.999999999999999310e-23
9.623506263980887354e+01 1.055947732736574972e-27 9.999999999999999310e-23
2.046968271807519955e+02 2.555771543276871284e-27 9.999999999999999310e-23
4.354004653656648998e+02 4.729728043563675394e-27 9.999999999999999310e-23
9.261187281287936912e+02 7.715229483868655818e-27 9.999999999999999310e-23
1.969901198590979902e+03 1.186034886151095875e-26 9.999999999999999310e-23
4.190079105786669061e+03 1.775576115082458933e-26 9.999999999999999310e-23
8.912509381337458763e+03 1.325129393502988442e-24 9.999999999999999310e-23
1.000000000000000000e+04 1.590000000000000127e-23 9.999999999999999310e-23
1.260000000000000000e+04 6.159999999999999603e-23 6.298815822625345901e-23
1.589000000000000000e+04 1.859999999999999935e-22 3.960519952901496635e-23
2.002000000000000000e+04 1.550000000000000064e-22 2.495007490012484913e-23
2.524000000000000000e+04 1.079999999999999940e-22 1.569716772863238664e-23
3.181000000000000000e+04 9.770000000000000035e-23 9.882632863845681252e-24
4.009000000000000000e+04 1.139999999999999975e-22 6.221969637908120669e-24
5.053000000000000000e+04 1.620000000000000027e-22 3.916529513066893182e-24
6.368000000000000000e+04 2.589999999999999823e-22 2.466004646347314968e-24
8.026000000000000000e+04 3.800000000000000232e-22 1.552393048036194834e-24
1.012000000000000000e+05 4.319999999999999759e-22 9.764251902076268570e-25
1.275000000000000000e+05 4.030000000000000212e-22 6.151480199923105813e-25
1.607000000000000000e+05 4.149999999999999814e-22 3.872293315376218468e-25
2.026000000000000000e+05 4.469999999999999848e-22 2.436245881526336917e-25
2.553000000000000000e+05 4.520000000000000191e-22 1.534257907833751731e-25
3.218000000000000000e+05 2.999999999999999911e-22 9.656681786455228409e-26
4.056000000000000000e+05 2.380000000000000167e-22 6.078607580655828295e-26
5.111000000000000000e+05 2.260000000000000096e-22 3.828143754913660923e-26
6.442000000000000000e+05 1.729999999999999936e-22 2.409675483219453231e-26
8.120000000000000000e+05 1.460000000000000010e-22 1.516658982261156421e-26
1.000000000000000000e+06 1.409999999999999902e-22 1.000000000000000038e-26
1.259000000000000000e+06 1.279999999999999902e-22 6.308825858110720835e-27
1.585000000000000000e+06 1.130000000000000048e-22 3.980535182955347442e-27
1.995000000000000000e+06 8.640000000000000222e-23 2.512547031739750045e-27
2.512000000000000000e+06 6.210000000000000417e-23 1.584749888433607807e-27
3.162000000000000000e+06 4.580000000000000110e-23 1.000175630840775443e-27
3.981000000000000000e+06 3.690000000000000205e-23 6.309800742171383367e-28
5.012000000000000000e+06 3.260000000000000027e-23 3.980868899477646004e-28
6.310000000000000000e+06 3.030000000000000164e-23 2.511546836581181547e-28
7.943000000000000000e+06 2.979999999999999938e-23 1.585005869831487781e-28
1.000000000000000000e+07 2.920000000000000255e-23 9.999999999999998591e-29
1.259000000000000000e+07 2.689999999999999804e-23 6.308825858110719893e-29
1.585000000000000000e+07 2.300000000000000100e-23 3.980535182955348899e-29
1.995000000000000000e+07 1.999999999999999921e-23 2.512547031739750325e-29
2.512000000000000000e+07 1.890000000000000012e-23 1.584749888433607751e-29
3.162000000000000000e+07 1.919999999999999854e-23 1.000175630840775695e-29
3.981000000000000000e+07 2.059999999999999898e-23 6.309800742171382554e-30
5.012000000000000000e+07 2.240000000000000123e-23 3.980868899477646004e-30
6.310000000000000000e+07 2.410000000000000009e-23 2.511546836581182010e-30
7.943000000000000000e+07 2.550000000000000053e-23 1.585005869831487837e-30
1.000000000000000000e+08 2.610000000000000030e-23 9.999999999999999082e-31
1.000000000000000000e+10 2.610000000000000148e-22 9.999999999999999277e-35
